7967
-8857
9830
7405
4326
5004
3216
-7419
4394
5383
-195
1649
-155
3892
4693
6803
411
-5370
-2987
-2511
-8487
-6897
-4395
7976
1725
8428
-172
7052
9339
-1498
2811
3420
1426
-6583
7820
2879
8214
-9828
1946
2266
-7655
8960
-2044
-7905
-7257
-6480
-2106
5419
3749
2701
4635
-8148
-867
-8010
8998
3724
-8732
-4997
5777
-1529
-9772
-5979
-2
2050
4679
9476
-7358
-7311
4824
-1905
-4239
1323
-6212
-6601
6160
9743
-7188
1053
-3035
9603
-5441
7375
3874
-973
-9444
3275
-5784
-7301
4038
8865
-355
9486
-9795
-2302
1358
6001
-1711
-641
4057
8207
