-733
-6467
-7472
5666
-1234
7886
-4991
-1273
-265
7733
-9886
-4565
5269
254
2885
9933
8329
-6697
-7839
530
2537
-7889
2682
4456
-4019
1664
-7104
6140
5487
-1127
-8394
8471
-1428
-8662
4564
-3456
733
8261
6348
9193
-4889
9810
4699
2633
-5641
8750
3859
9980
-5245
-2143
7024
6989
9763
3447
-8023
9565
-598
-1594
-3183
-1292
-9513
-2775
-7509
515
7740
2055
-8045
-2588
8188
4385
-1110
6390
-671
7202
-8433
2217
-4178
-6257
-4964
-6070
-7768
1061
413
3852
-7661
-1702
-7498
-1411
7781
-6758
4505
-4738
5005
-2994
-3160
9571
-137
2011
-2880
4347
