-2059
-3375
3810
3291
5548
-2359
-2716
-8508
5889
8767
-8722
6077
469
451
3316
-5651
6287
-5652
-6076
-3935
3741
7194
-2603
2663
3993
4322
-6483
-4742
-6546
-386
-5009
-397
3249
6909
-9486
1377
-4528
-6777
-1673
-9535
8622
1723
7310
3782
-6755
-7076
-1221
-3283
-1962
-1530
-879
3588
1927
-3955
-1634
-6190
-3239
5204
1483
8000
-595
-5677
-594
-3297
-4950
4304
187
5925
-6943
9400
-2737
7304
7704
-8820
2897
1329
-3989
6402
9044
3630
5794
-8911
-1785
-4971
1739
381
-4092
8156
6960
1808
-229
-1785
6543
2485
-906
-4885
6015
-9463
-4404
-563
